1 7 2 8 3 9 2 7 3 6 2 7 3 8 3 6 2 8 3 93 2 3 7 8 26 77 22 6 38 2 72 6 3 8 36 37 37 37 37 37 37 7326 26 6 6 5 525 25  26 6 7 7  8 8 7 6 6 5 5
7 7 8 8 3 7 8 9 3 6 7 8 9 6 3 3 2 6 7 8 9 0 3 67 8 3 6 2 6 3 33 7 5 6 7 3 8 9 6 3 7 8 2 9 9 2 66 7 88 99 88 77 66 22
1 7 2 8 3 9 2 7 3 6 2 7 3 8 3 6 2 8 3 93 2 3 7 8 26 77 22 6 38 2 72 6 3 8 36 37 37 37 37 37 37 7326 26 6 6 5 525 25 26 6 7 7 8 8 7 6 6 5 5
7 7 8 8 3 7 8 9 3 6 7 8 9 6 3 3 2 6 7 8 9 0 3 67 8 3 6 2 6 3 33 7 5 6 7 3 8 9 6 3 7 8 2 9 9 2 66 7 88 99 88 77 66 22
1 7 2 8 3 9 2 7 3 6 2 7 3 8 3 6 2 8 3 93 2 3 7 8 26 77 22 6 38 2 72 6 3 8 36 37 37 37 37 37 37 7326 26 6 6 5 525 25  26 6 7 7 8 8 7 6 6 5 5
7 7 8 8 3 7 8 9 3 6 7 8 9 6 3 3 2 6 7 8 9 0 3 67 8 3 6 2 6 3 33 7 5 6 7 3 8 9 6 3 7 8 2 9 9 2 66 7 88 99 88 77 66 22
1 7 2 8 3 9 2 7 3 6 2 7 3 8 3 6 2 8 3 93 2 3 7 8 26 77 22 6 38 2 72 6 3 8 36 37 37 37 37 37 37 7326 26 6 6 5 525 25  26 6 7 7 8 8 7 6 6 5 5
7 7 8 8 3 7 8 9 3 6 7 8 9 6 3 3 2 6 7 8 9 0 3 67 8 3 6 2 6 3 33 7 5 6 7 3 8 9 6 3 7 8 2 9 9 2 66 7 88 99 88 77 66 22
1 7 2 8 3 9 2 7 3 6 2 7 3 8 3 6 2 8 3 93 2 3 7 8 26 77 22 6 38 2 72 6 3 8 36 37 37 37 37 37 37 7326 26 6 6 5 525 25  26 6 7 7 8 8 7 6 6 5 5
7 7 8 8 3 7 8 9 3 6 7 8 9 6 3 3 2 6 7 8 9 0 3 67 8 3 6 2 6 3 33 7 5 6 7 3 8 9 6 3 7 8 2 9 9 2 66 7 88 99 88 77 66 22 -1 14
